  -12.566370614359172       -7.2551974569368678       -0.0000000000000000     
  -12.566370614359172        0.0000000000000000       -0.0000000000000000     
  -12.566370614359172        7.2551974569368678        0.0000000000000000     
  -12.566370614359172        14.510394913873736        0.0000000000000000     
  -12.566370614359172        21.765592370810602        0.0000000000000000     
  -6.2831853071795862       -10.882796185405301       -0.0000000000000000     
  -6.2831853071795862       -3.6275987284684339       -0.0000000000000000     
  -6.2831853071795862        3.6275987284684339        0.0000000000000000     
  -6.2831853071795862        10.882796185405301        0.0000000000000000     
  -6.2831853071795862        18.137993642342170        0.0000000000000000     
   0.0000000000000000       -14.510394913873736        0.0000000000000000     
   0.0000000000000000       -7.2551974569368678        0.0000000000000000     
   0.0000000000000000        0.0000000000000000        0.0000000000000000     
   0.0000000000000000        7.2551974569368678        0.0000000000000000     
   0.0000000000000000        14.510394913873736        0.0000000000000000     
   6.2831853071795862       -18.137993642342170        0.0000000000000000     
   6.2831853071795862       -10.882796185405301        0.0000000000000000     
   6.2831853071795862       -3.6275987284684339        0.0000000000000000     
   6.2831853071795862        3.6275987284684339        0.0000000000000000     
   6.2831853071795862        10.882796185405301        0.0000000000000000     
   12.566370614359172       -21.765592370810602        0.0000000000000000     
   12.566370614359172       -14.510394913873736        0.0000000000000000     
   12.566370614359172       -7.2551974569368678        0.0000000000000000     
   12.566370614359172        0.0000000000000000        0.0000000000000000     
   12.566370614359172        7.2551974569368678        0.0000000000000000     
 #
   0.0000000000000000       -3.6275987284684339        0.0000000000000000     
   0.0000000000000000       -3.5661140042571047        0.0000000000000000     
   0.0000000000000000       -3.5046292800457750        0.0000000000000000     
   0.0000000000000000       -3.4431445558344458        0.0000000000000000     
   0.0000000000000000       -3.3816598316231161        0.0000000000000000     
   0.0000000000000000       -3.3201751074117869        0.0000000000000000     
   0.0000000000000000       -3.2586903832004577        0.0000000000000000     
   0.0000000000000000       -3.1972056589891280        0.0000000000000000     
   0.0000000000000000       -3.1357209347777988        0.0000000000000000     
   0.0000000000000000       -3.0742362105664696        0.0000000000000000     
   0.0000000000000000       -3.0127514863551399        0.0000000000000000     
   0.0000000000000000       -2.9512667621438107        0.0000000000000000     
   0.0000000000000000       -2.8897820379324815        0.0000000000000000     
   0.0000000000000000       -2.8282973137211518        0.0000000000000000     
   0.0000000000000000       -2.7668125895098226        0.0000000000000000     
   0.0000000000000000       -2.7053278652984929        0.0000000000000000     
   0.0000000000000000       -2.6438431410871637        0.0000000000000000     
   0.0000000000000000       -2.5823584168758345        0.0000000000000000     
   0.0000000000000000       -2.5208736926645048        0.0000000000000000     
   0.0000000000000000       -2.4593889684531756        0.0000000000000000     
   0.0000000000000000       -2.3979042442418459        0.0000000000000000     
   0.0000000000000000       -2.3364195200305167        0.0000000000000000     
   0.0000000000000000       -2.2749347958191874        0.0000000000000000     
   0.0000000000000000       -2.2134500716078578        0.0000000000000000     
   0.0000000000000000       -2.1519653473965286        0.0000000000000000     
   0.0000000000000000       -2.0904806231851993        0.0000000000000000     
   0.0000000000000000       -2.0289958989738697        0.0000000000000000     
   0.0000000000000000       -1.9675111747625404        0.0000000000000000     
   0.0000000000000000       -1.9060264505512110        0.0000000000000000     
   0.0000000000000000       -1.8445417263398816        0.0000000000000000     
   0.0000000000000000       -1.7830570021285523        0.0000000000000000     
   0.0000000000000000       -1.7215722779172229        0.0000000000000000     
   0.0000000000000000       -1.6600875537058934        0.0000000000000000     
   0.0000000000000000       -1.5986028294945640        0.0000000000000000     
   0.0000000000000000       -1.5371181052832346        0.0000000000000000     
   0.0000000000000000       -1.4756333810719053        0.0000000000000000     
   0.0000000000000000       -1.4141486568605759        0.0000000000000000     
   0.0000000000000000       -1.3526639326492464        0.0000000000000000     
   0.0000000000000000       -1.2911792084379172        0.0000000000000000     
   0.0000000000000000       -1.2296944842265878        0.0000000000000000     
   0.0000000000000000       -1.1682097600152583        0.0000000000000000     
   0.0000000000000000       -1.1067250358039289        0.0000000000000000     
   0.0000000000000000       -1.0452403115925994        0.0000000000000000     
   0.0000000000000000      -0.98375558738127022        0.0000000000000000     
   0.0000000000000000      -0.92227086316994078        0.0000000000000000     
   0.0000000000000000      -0.86078613895861134        0.0000000000000000     
   0.0000000000000000      -0.79930141474728200        0.0000000000000000     
   0.0000000000000000      -0.73781669053595267        0.0000000000000000     
   0.0000000000000000      -0.67633196632462322        0.0000000000000000     
   0.0000000000000000      -0.61484724211329378        0.0000000000000000     
   0.0000000000000000      -0.55336251790196445        0.0000000000000000     
   0.0000000000000000      -0.49187779369063506        0.0000000000000000     
   0.0000000000000000      -0.43039306947930567        0.0000000000000000     
   0.0000000000000000      -0.36890834526797628        0.0000000000000000     
   0.0000000000000000      -0.30742362105664689        0.0000000000000000     
   0.0000000000000000      -0.24593889684531750        0.0000000000000000     
   0.0000000000000000      -0.18445417263398811        0.0000000000000000     
   0.0000000000000000      -0.12296944842265872        0.0000000000000000     
   0.0000000000000000       -6.1484724211329334E-002   0.0000000000000000     
   0.0000000000000000        0.0000000000000000        0.0000000000000000     
   0.0000000000000000        6.1484724211329389E-002   0.0000000000000000     
   0.0000000000000000       0.12296944842265878        0.0000000000000000     
   0.0000000000000000       0.18445417263398817        0.0000000000000000     
   0.0000000000000000       0.24593889684531756        0.0000000000000000     
   0.0000000000000000       0.30742362105664695        0.0000000000000000     
   0.0000000000000000       0.36890834526797633        0.0000000000000000     
   0.0000000000000000       0.43039306947930572        0.0000000000000000     
   0.0000000000000000       0.49187779369063511        0.0000000000000000     
   0.0000000000000000       0.55336251790196456        0.0000000000000000     
   0.0000000000000000       0.61484724211329389        0.0000000000000000     
   0.0000000000000000       0.67633196632462322        0.0000000000000000     
   0.0000000000000000       0.73781669053595267        0.0000000000000000     
   0.0000000000000000       0.79930141474728211        0.0000000000000000     
   0.0000000000000000       0.86078613895861145        0.0000000000000000     
   0.0000000000000000       0.92227086316994078        0.0000000000000000     
   0.0000000000000000       0.98375558738127022        0.0000000000000000     
   0.0000000000000000        1.0452403115925997        0.0000000000000000     
   0.0000000000000000        1.1067250358039291        0.0000000000000000     
   0.0000000000000000        1.1682097600152583        0.0000000000000000     
   0.0000000000000000        1.2296944842265878        0.0000000000000000     
   0.0000000000000000        1.2911792084379172        0.0000000000000000     
   0.0000000000000000        1.3526639326492464        0.0000000000000000     
   0.0000000000000000        1.4141486568605759        0.0000000000000000     
   0.0000000000000000        1.4756333810719053        0.0000000000000000     
   0.0000000000000000        1.5371181052832348        0.0000000000000000     
   0.0000000000000000        1.5986028294945642        0.0000000000000000     
   0.0000000000000000        1.6600875537058934        0.0000000000000000     
   0.0000000000000000        1.7215722779172229        0.0000000000000000     
   0.0000000000000000        1.7830570021285523        0.0000000000000000     
   0.0000000000000000        1.8445417263398816        0.0000000000000000     
   0.0000000000000000        1.9060264505512110        0.0000000000000000     
   0.0000000000000000        1.9675111747625404        0.0000000000000000     
   0.0000000000000000        2.0289958989738697        0.0000000000000000     
   0.0000000000000000        2.0904806231851993        0.0000000000000000     
   0.0000000000000000        2.1519653473965286        0.0000000000000000     
   0.0000000000000000        2.2134500716078582        0.0000000000000000     
   0.0000000000000000        2.2749347958191874        0.0000000000000000     
   0.0000000000000000        2.3364195200305167        0.0000000000000000     
   0.0000000000000000        2.3979042442418463        0.0000000000000000     
   0.0000000000000000        2.4593889684531756        0.0000000000000000     
   0.0000000000000000        2.5208736926645048        0.0000000000000000     
   0.0000000000000000        2.5823584168758345        0.0000000000000000     
   0.0000000000000000        2.6438431410871637        0.0000000000000000     
   0.0000000000000000        2.7053278652984929        0.0000000000000000     
   0.0000000000000000        2.7668125895098226        0.0000000000000000     
   0.0000000000000000        2.8282973137211518        0.0000000000000000     
   0.0000000000000000        2.8897820379324815        0.0000000000000000     
   0.0000000000000000        2.9512667621438107        0.0000000000000000     
   0.0000000000000000        3.0127514863551399        0.0000000000000000     
   0.0000000000000000        3.0742362105664696        0.0000000000000000     
   0.0000000000000000        3.1357209347777988        0.0000000000000000     
   0.0000000000000000        3.1972056589891285        0.0000000000000000     
   0.0000000000000000        3.2586903832004577        0.0000000000000000     
   0.0000000000000000        3.3201751074117869        0.0000000000000000     
   0.0000000000000000        3.3816598316231166        0.0000000000000000     
   0.0000000000000000        3.4431445558344458        0.0000000000000000     
   0.0000000000000000        3.5046292800457750        0.0000000000000000     
   0.0000000000000000        3.5661140042571047        0.0000000000000000     
   0.0000000000000000        3.6275987284684339        0.0000000000000000     
   6.1599855952679451E-002   3.6275987284670470        0.0000000000000000     
  0.12319971190535890        3.6275987284656597        0.0000000000000000     
  0.18479956785803836        3.6275987284642728        0.0000000000000000     
  0.24639942381071780        3.6275987284628859        0.0000000000000000     
  0.30799927976339725        3.6275987284614986        0.0000000000000000     
  0.36959913571607672        3.6275987284601117        0.0000000000000000     
  0.43119899166875614        3.6275987284587248        0.0000000000000000     
  0.49279884762143561        3.6275987284573374        0.0000000000000000     
  0.55439870357411503        3.6275987284559505        0.0000000000000000     
  0.61599855952679450        3.6275987284545637        0.0000000000000000     
  0.67759841547947397        3.6275987284531763        0.0000000000000000     
  0.73919827143215344        3.6275987284517894        0.0000000000000000     
  0.80079812738483291        3.6275987284504025        0.0000000000000000     
  0.86239798333751227        3.6275987284490152        0.0000000000000000     
  0.92399783929019175        3.6275987284476283        0.0000000000000000     
  0.98559769524287122        3.6275987284462414        0.0000000000000000     
   1.0471975511955507        3.6275987284448541        0.0000000000000000     
   1.1087974071482301        3.6275987284434672        0.0000000000000000     
   1.1703972631009096        3.6275987284420803        0.0000000000000000     
   1.2319971190535890        3.6275987284406934        0.0000000000000000     
   1.2935969750062686        3.6275987284393061        0.0000000000000000     
   1.3551968309589479        3.6275987284379192        0.0000000000000000     
   1.4167966869116273        3.6275987284365323        0.0000000000000000     
   1.4783965428643069        3.6275987284351450        0.0000000000000000     
   1.5399963988169862        3.6275987284337581        0.0000000000000000     
   1.6015962547696658        3.6275987284323712        0.0000000000000000     
   1.6631961107223452        3.6275987284309839        0.0000000000000000     
   1.7247959666750245        3.6275987284295970        0.0000000000000000     
   1.7863958226277041        3.6275987284282101        0.0000000000000000     
   1.8479956785803835        3.6275987284268227        0.0000000000000000     
   1.9095955345330631        3.6275987284254358        0.0000000000000000     
   1.9711953904857424        3.6275987284240490        0.0000000000000000     
   2.0327952464384218        3.6275987284226616        0.0000000000000000     
   2.0943951023911014        3.6275987284212747        0.0000000000000000     
   2.1559949583438733        3.6275987284219684        0.0000000000000000     
   2.2175948142966448        3.6275987284226616        0.0000000000000000     
   2.2791946702494168        3.6275987284233553        0.0000000000000000     
   2.3407945262021888        3.6275987284240490        0.0000000000000000     
   2.4023943821549607        3.6275987284247422        0.0000000000000000     
   2.4639942381077322        3.6275987284254358        0.0000000000000000     
   2.5255940940605042        3.6275987284261295        0.0000000000000000     
   2.5871939500132761        3.6275987284268227        0.0000000000000000     
   2.6487938059660481        3.6275987284275164        0.0000000000000000     
   2.7103936619188196        3.6275987284282101        0.0000000000000000     
   2.7719935178715915        3.6275987284289033        0.0000000000000000     
   2.8335933738243635        3.6275987284295970        0.0000000000000000     
   2.8951932297771354        3.6275987284302906        0.0000000000000000     
   2.9567930857299070        3.6275987284309839        0.0000000000000000     
   3.0183929416826789        3.6275987284316775        0.0000000000000000     
   3.0799927976354509        3.6275987284323712        0.0000000000000000     
   3.1415926535882224        3.6275987284330644        0.0000000000000000     
   3.2031925095409943        3.6275987284337581        0.0000000000000000     
   3.2647923654937663        3.6275987284344517        0.0000000000000000     
   3.3263922214465382        3.6275987284351450        0.0000000000000000     
   3.3879920773993097        3.6275987284358386        0.0000000000000000     
   3.4495919333520817        3.6275987284365323        0.0000000000000000     
   3.5111917893048536        3.6275987284372255        0.0000000000000000     
   3.5727916452576256        3.6275987284379192        0.0000000000000000     
   3.6343915012103971        3.6275987284386129        0.0000000000000000     
   3.6959913571631691        3.6275987284393061        0.0000000000000000     
   3.7575912131159410        3.6275987284399998        0.0000000000000000     
   3.8191910690687130        3.6275987284406934        0.0000000000000000     
   3.8807909250214845        3.6275987284413866        0.0000000000000000     
   3.9423907809742564        3.6275987284420803        0.0000000000000000     
   4.0039906369270284        3.6275987284427740        0.0000000000000000     
   4.0655904928798003        3.6275987284434672        0.0000000000000000     
   4.1271903488325723        3.6275987284441609        0.0000000000000000     
   4.1887902047853434        3.6275987284448545        0.0000000000000000     
   4.2503900607381153        3.6275987284455478        0.0000000000000000     
   4.3119899166908873        3.6275987284462414        0.0000000000000000     
   4.3735897726436592        3.6275987284469347        0.0000000000000000     
   4.4351896285964312        3.6275987284476283        0.0000000000000000     
   4.4967894845492031        3.6275987284483220        0.0000000000000000     
   4.5583893405019751        3.6275987284490152        0.0000000000000000     
   4.6199891964547470        3.6275987284497089        0.0000000000000000     
   4.6815890524075181        3.6275987284504025        0.0000000000000000     
   4.7431889083602901        3.6275987284510958        0.0000000000000000     
   4.8047887643130620        3.6275987284517894        0.0000000000000000     
   4.8663886202658340        3.6275987284524831        0.0000000000000000     
   4.9279884762186059        3.6275987284531763        0.0000000000000000     
   4.9895883321713779        3.6275987284538700        0.0000000000000000     
   5.0511881881241498        3.6275987284545637        0.0000000000000000     
   5.1127880440769209        3.6275987284552569        0.0000000000000000     
   5.1743879000296928        3.6275987284559505        0.0000000000000000     
   5.2359877559824648        3.6275987284566442        0.0000000000000000     
   5.2975876119352368        3.6275987284573374        0.0000000000000000     
   5.3591874678880087        3.6275987284580311        0.0000000000000000     
   5.4207873238407807        3.6275987284587248        0.0000000000000000     
   5.4823871797935526        3.6275987284594180        0.0000000000000000     
   5.5439870357463246        3.6275987284601117        0.0000000000000000     
   5.6055868916990956        3.6275987284608053        0.0000000000000000     
   5.6671867476518676        3.6275987284614986        0.0000000000000000     
   5.7287866036046395        3.6275987284621922        0.0000000000000000     
   5.7903864595574115        3.6275987284628859        0.0000000000000000     
   5.8519863155101834        3.6275987284635791        0.0000000000000000     
   5.9135861714629554        3.6275987284642728        0.0000000000000000     
   5.9751860274157274        3.6275987284649664        0.0000000000000000     
   6.0367858833684984        3.6275987284656597        0.0000000000000000     
   6.0983857393212704        3.6275987284663533        0.0000000000000000     
   6.1599855952740423        3.6275987284670470        0.0000000000000000     
   6.2215854512268143        3.6275987284677402        0.0000000000000000     
   6.2831853071795862        3.6275987284684339        0.0000000000000000     
   6.3460171602513817        3.6275987284684339        0.0000000000000000     
   6.4088490133231781        3.6275987284684339        0.0000000000000000     
   6.4716808663949736        3.6275987284684339        0.0000000000000000     
   6.5345127194667700        3.6275987284684339        0.0000000000000000     
   6.5973445725385655        3.6275987284684343        0.0000000000000000     
   6.6601764256103611        3.6275987284684343        0.0000000000000000     
   6.7230082786821574        3.6275987284684343        0.0000000000000000     
   6.7858401317539530        3.6275987284684343        0.0000000000000000     
   6.8486719848257493        3.6275987284684343        0.0000000000000000     
   6.9115038378975449        3.6275987284684343        0.0000000000000000     
   6.9743356909693404        3.6275987284684343        0.0000000000000000     
   7.0371675440411368        3.6275987284684343        0.0000000000000000     
   7.0999993971129323        3.6275987284684343        0.0000000000000000     
   7.1628312501847287        3.6275987284684343        0.0000000000000000     
   7.2256631032565242        3.6275987284684348        0.0000000000000000     
   7.2884949563283197        3.6275987284684348        0.0000000000000000     
   7.3513268094001161        3.6275987284684348        0.0000000000000000     
   7.4141586624719116        3.6275987284684348        0.0000000000000000     
   7.4769905155437080        3.6275987284684348        0.0000000000000000     
   7.5398223686155035        3.6275987284684348        0.0000000000000000     
   7.5398223686155035        3.6890834526797640        0.0000000000000000     
   7.5398223686155035        3.7505681768910937        0.0000000000000000     
   7.5398223686155035        3.8120529011024229        0.0000000000000000     
   7.5398223686155035        3.8735376253137526        0.0000000000000000     
   7.5398223686155035        3.9350223495250818        0.0000000000000000     
   7.5398223686155035        3.9965070737364110        0.0000000000000000     
   7.5398223686155035        4.0579917979477402        0.0000000000000000     
   7.5398223686155035        4.1194765221590703        0.0000000000000000     
   7.5398223686155035        4.1809612463703996        0.0000000000000000     
   7.5398223686155035        4.2424459705817288        0.0000000000000000     
   7.5398223686155035        4.3039306947930580        0.0000000000000000     
   7.5398223686155035        4.3654154190043872        0.0000000000000000     
   7.5398223686155035        4.4269001432157165        0.0000000000000000     
   7.5398223686155035        4.4883848674270466        0.0000000000000000     
   7.5398223686155035        4.5498695916383758        0.0000000000000000     
   7.5398223686155035        4.6113543158497050        0.0000000000000000     
   7.5398223686155035        4.6728390400610342        0.0000000000000000     
   7.5398223686155035        4.7343237642723635        0.0000000000000000     
   7.5398223686155035        4.7958084884836936        0.0000000000000000     
   7.5398223686155035        4.8572932126950228        0.0000000000000000     
   7.5398223686155035        4.9187779369063520        0.0000000000000000     
   7.5398223686155035        4.9802626611176812        0.0000000000000000     
   7.5398223686155035        5.0417473853290105        0.0000000000000000     
   7.5398223686155035        5.1032321095403397        0.0000000000000000     
   7.5398223686155035        5.1647168337516698        0.0000000000000000     
   7.5398223686155035        5.2262015579629990        0.0000000000000000     
   7.5398223686155035        5.2876862821743282        0.0000000000000000     
   7.5398223686155035        5.3491710063856575        0.0000000000000000     
   7.5398223686155035        5.4106557305969867        0.0000000000000000     
   7.5398223686155035        5.4721404548083168        0.0000000000000000     
   7.5398223686155035        5.5336251790196460        0.0000000000000000     
   7.5398223686155035        5.5951099032309752        0.0000000000000000     
   7.5398223686155035        5.6565946274423045        0.0000000000000000     
   7.5398223686155035        5.7180793516536337        0.0000000000000000     
   7.5398223686155035        5.7795640758649638        0.0000000000000000     
   7.5398223686155035        5.8410488000762930        0.0000000000000000     
   7.5398223686155035        5.9025335242876222        0.0000000000000000     
   7.5398223686155035        5.9640182484989515        0.0000000000000000     
   7.5398223686155035        6.0255029727102807        0.0000000000000000     
   7.5398223686155035        6.0869876969216108        0.0000000000000000     
   7.5398223686155035        6.1484724211329400        0.0000000000000000     
   7.5398223686155035        6.2099571453442692        0.0000000000000000     
   7.5398223686155035        6.2714418695555985        0.0000000000000000     
   7.5398223686155035        6.3329265937669277        0.0000000000000000     
   7.5398223686155035        6.3944113179782569        0.0000000000000000     
   7.5398223686155035        6.4558960421895870        0.0000000000000000     
   7.5398223686155035        6.5173807664009162        0.0000000000000000     
   7.5398223686155035        6.5788654906122455        0.0000000000000000     
   7.5398223686155035        6.6403502148235747        0.0000000000000000     
   7.5398223686155035        6.7018349390349039        0.0000000000000000     
   7.5398223686155035        6.7633196632462340        0.0000000000000000     
   7.5398223686155035        6.8248043874575632        0.0000000000000000     
   7.5398223686155035        6.8862891116688925        0.0000000000000000     
   7.5398223686155035        6.9477738358802217        0.0000000000000000     
   7.5398223686155035        7.0092585600915509        0.0000000000000000     
   7.5398223686155035        7.0707432843028801        0.0000000000000000     
   7.5398223686155035        7.1322280085142102        0.0000000000000000     
   7.5398223686155035        7.1937127327255395        0.0000000000000000     
   7.5398223686155035        7.2551974569368687        0.0000000000000000     
 # ^ Reciprocal space lattice
   0.00000000       0.00000000       0.00000000    
   6.2831853071795862       -3.6275987284684339        0.0000000000000000     
 # ^ b1
   0.00000000       0.00000000       0.00000000    
   0.0000000000000000        7.2551974569368678        0.0000000000000000     
 # ^ b2
  -11.238577325003597       -2.2998054391128591        0.0000000000000000     
  -7.6109785965351628       -8.5829907462924417       -0.0000000000000000     
 # ^ edge of the 1st BZ
  -7.6109785965351628        1.3277932893555748        0.0000000000000000     
  -11.238577325003597       -4.9553920178240087        0.0000000000000000     
 # ^ edge of the 1st BZ
  -9.9107840356480210       -7.2551974569368678        0.0000000000000000     
  -2.6555865787111523       -7.2551974569368678        0.0000000000000000     
 # ^ edge of the 1st BZ
                       NaN                       NaN                       NaN
                       NaN                       NaN                       NaN
 # ^ edge of the 1st BZ
  -2.6555865787111523        0.0000000000000000        0.0000000000000000     
  -9.9107840356480210        0.0000000000000000        0.0000000000000000     
 # ^ edge of the 1st BZ
  -4.9553920178240096       -8.5829907462924417        0.0000000000000000     
  -1.3277932893555766       -2.2998054391128591        0.0000000000000000     
 # ^ edge of the 1st BZ
  -1.3277932893555766       -4.9553920178240087        0.0000000000000000     
  -4.9553920178240096        1.3277932893555748        0.0000000000000000     
 # ^ edge of the 1st BZ
  -11.238577325003597        4.9553920178240087        0.0000000000000000     
  -7.6109785965351628       -1.3277932893555748        0.0000000000000000     
 # ^ edge of the 1st BZ
  -7.6109785965351628        8.5829907462924417        0.0000000000000000     
  -11.238577325003597        2.2998054391128591        0.0000000000000000     
 # ^ edge of the 1st BZ
  -9.9107840356480210        0.0000000000000000        0.0000000000000000     
  -2.6555865787111523        0.0000000000000000        0.0000000000000000     
 # ^ edge of the 1st BZ
                       NaN                       NaN                       NaN
                       NaN                       NaN                       NaN
 # ^ edge of the 1st BZ
  -2.6555865787111523        7.2551974569368678        0.0000000000000000     
  -9.9107840356480210        7.2551974569368678        0.0000000000000000     
 # ^ edge of the 1st BZ
  -4.9553920178240096       -1.3277932893555748        0.0000000000000000     
  -1.3277932893555766        4.9553920178240087        0.0000000000000000     
 # ^ edge of the 1st BZ
  -1.3277932893555766        2.2998054391128591        0.0000000000000000     
  -4.9553920178240096        8.5829907462924417        0.0000000000000000     
 # ^ edge of the 1st BZ
  -11.238577325003597        12.210589474760877        0.0000000000000000     
  -7.6109785965351628        5.9274041675812921        0.0000000000000000     
 # ^ edge of the 1st BZ
  -7.6109785965351628        15.838188203229310        0.0000000000000000     
  -11.238577325003597        9.5550028960497251        0.0000000000000000     
 # ^ edge of the 1st BZ
  -9.9107840356480210        7.2551974569368669        0.0000000000000000     
  -2.6555865787111523        7.2551974569368669        0.0000000000000000     
 # ^ edge of the 1st BZ
                       NaN                       NaN                       NaN
                       NaN                       NaN                       NaN
 # ^ edge of the 1st BZ
  -2.6555865787111523        14.510394913873736        0.0000000000000000     
  -9.9107840356480210        14.510394913873736        0.0000000000000000     
 # ^ edge of the 1st BZ
  -4.9553920178240096        5.9274041675812921        0.0000000000000000     
  -1.3277932893555766        12.210589474760877        0.0000000000000000     
 # ^ edge of the 1st BZ
  -1.3277932893555766        9.5550028960497251        0.0000000000000000     
  -4.9553920178240096        15.838188203229310        0.0000000000000000     
 # ^ edge of the 1st BZ
  -4.9553920178240096       -5.9274041675812930        0.0000000000000000     
  -1.3277932893555768       -12.210589474760877        0.0000000000000000     
 # ^ edge of the 1st BZ
  -1.3277932893555768       -2.2998054391128591        0.0000000000000000     
  -4.9553920178240096       -8.5829907462924417        0.0000000000000000     
 # ^ edge of the 1st BZ
  -3.6275987284684339       -10.882796185405301        0.0000000000000000     
   3.6275987284684339       -10.882796185405301        0.0000000000000000     
 # ^ edge of the 1st BZ
                       NaN                       NaN                       NaN
                       NaN                       NaN                       NaN
 # ^ edge of the 1st BZ
   3.6275987284684339       -3.6275987284684339        0.0000000000000000     
  -3.6275987284684339       -3.6275987284684339        0.0000000000000000     
 # ^ edge of the 1st BZ
   1.3277932893555768       -12.210589474760877        0.0000000000000000     
   4.9553920178240096       -5.9274041675812930        0.0000000000000000     
 # ^ edge of the 1st BZ
   4.9553920178240096       -8.5829907462924417        0.0000000000000000     
   1.3277932893555768       -2.2998054391128591        0.0000000000000000     
 # ^ edge of the 1st BZ
  -4.9553920178240096        1.3277932893555748        0.0000000000000000     
  -1.3277932893555768       -4.9553920178240087        0.0000000000000000     
 # ^ edge of the 1st BZ
  -1.3277932893555768        4.9553920178240087        0.0000000000000000     
  -4.9553920178240096       -1.3277932893555748        0.0000000000000000     
 # ^ edge of the 1st BZ
  -3.6275987284684339       -3.6275987284684339        0.0000000000000000     
   3.6275987284684339       -3.6275987284684339        0.0000000000000000     
 # ^ edge of the 1st BZ
                       NaN                       NaN                       NaN
                       NaN                       NaN                       NaN
 # ^ edge of the 1st BZ
   3.6275987284684339        3.6275987284684339        0.0000000000000000     
  -3.6275987284684339        3.6275987284684339        0.0000000000000000     
 # ^ edge of the 1st BZ
   1.3277932893555768       -4.9553920178240087        0.0000000000000000     
   4.9553920178240096        1.3277932893555748        0.0000000000000000     
 # ^ edge of the 1st BZ
   4.9553920178240096       -1.3277932893555748        0.0000000000000000     
   1.3277932893555768        4.9553920178240087        0.0000000000000000     
 # ^ edge of the 1st BZ
  -4.9553920178240096        8.5829907462924417        0.0000000000000000     
  -1.3277932893555768        2.2998054391128591        0.0000000000000000     
 # ^ edge of the 1st BZ
  -1.3277932893555768        12.210589474760877        0.0000000000000000     
  -4.9553920178240096        5.9274041675812930        0.0000000000000000     
 # ^ edge of the 1st BZ
  -3.6275987284684339        3.6275987284684339        0.0000000000000000     
   3.6275987284684339        3.6275987284684339        0.0000000000000000     
 # ^ edge of the 1st BZ
                       NaN                       NaN                       NaN
                       NaN                       NaN                       NaN
 # ^ edge of the 1st BZ
   3.6275987284684339        10.882796185405301        0.0000000000000000     
  -3.6275987284684339        10.882796185405301        0.0000000000000000     
 # ^ edge of the 1st BZ
   1.3277932893555768        2.2998054391128591        0.0000000000000000     
   4.9553920178240096        8.5829907462924417        0.0000000000000000     
 # ^ edge of the 1st BZ
   4.9553920178240096        5.9274041675812930        0.0000000000000000     
   1.3277932893555768        12.210589474760877        0.0000000000000000     
 # ^ edge of the 1st BZ
   1.3277932893555766       -9.5550028960497251        0.0000000000000000     
   4.9553920178240096       -15.838188203229310        0.0000000000000000     
 # ^ edge of the 1st BZ
   4.9553920178240096       -5.9274041675812921        0.0000000000000000     
   1.3277932893555766       -12.210589474760877        0.0000000000000000     
 # ^ edge of the 1st BZ
   2.6555865787111523       -14.510394913873736        0.0000000000000000     
   9.9107840356480210       -14.510394913873736        0.0000000000000000     
 # ^ edge of the 1st BZ
                       NaN                       NaN                       NaN
                       NaN                       NaN                       NaN
 # ^ edge of the 1st BZ
   9.9107840356480210       -7.2551974569368669        0.0000000000000000     
   2.6555865787111523       -7.2551974569368669        0.0000000000000000     
 # ^ edge of the 1st BZ
   7.6109785965351628       -15.838188203229310        0.0000000000000000     
   11.238577325003597       -9.5550028960497251        0.0000000000000000     
 # ^ edge of the 1st BZ
   11.238577325003597       -12.210589474760877        0.0000000000000000     
   7.6109785965351628       -5.9274041675812921        0.0000000000000000     
 # ^ edge of the 1st BZ
   1.3277932893555766       -2.2998054391128591        0.0000000000000000     
   4.9553920178240096       -8.5829907462924417        0.0000000000000000     
 # ^ edge of the 1st BZ
   4.9553920178240096        1.3277932893555748        0.0000000000000000     
   1.3277932893555766       -4.9553920178240087        0.0000000000000000     
 # ^ edge of the 1st BZ
   2.6555865787111523       -7.2551974569368678        0.0000000000000000     
   9.9107840356480210       -7.2551974569368678        0.0000000000000000     
 # ^ edge of the 1st BZ
                       NaN                       NaN                       NaN
                       NaN                       NaN                       NaN
 # ^ edge of the 1st BZ
   9.9107840356480210        0.0000000000000000        0.0000000000000000     
   2.6555865787111523        0.0000000000000000        0.0000000000000000     
 # ^ edge of the 1st BZ
   7.6109785965351628       -8.5829907462924417        0.0000000000000000     
   11.238577325003597       -2.2998054391128591        0.0000000000000000     
 # ^ edge of the 1st BZ
   11.238577325003597       -4.9553920178240087        0.0000000000000000     
   7.6109785965351628        1.3277932893555748        0.0000000000000000     
 # ^ edge of the 1st BZ
   1.3277932893555766        4.9553920178240087        0.0000000000000000     
   4.9553920178240096       -1.3277932893555748        0.0000000000000000     
 # ^ edge of the 1st BZ
   4.9553920178240096        8.5829907462924417        0.0000000000000000     
   1.3277932893555766        2.2998054391128591        0.0000000000000000     
 # ^ edge of the 1st BZ
   2.6555865787111523        0.0000000000000000        0.0000000000000000     
   9.9107840356480210        0.0000000000000000        0.0000000000000000     
 # ^ edge of the 1st BZ
                       NaN                       NaN                       NaN
                       NaN                       NaN                       NaN
 # ^ edge of the 1st BZ
   9.9107840356480210        7.2551974569368678        0.0000000000000000     
   2.6555865787111523        7.2551974569368678        0.0000000000000000     
 # ^ edge of the 1st BZ
   7.6109785965351628       -1.3277932893555748        0.0000000000000000     
   11.238577325003597        4.9553920178240087        0.0000000000000000     
 # ^ edge of the 1st BZ
   11.238577325003597        2.2998054391128591        0.0000000000000000     
   7.6109785965351628        8.5829907462924417        0.0000000000000000     
 # ^ edge of the 1st BZ
