### Spin Configuration for NOS =       64 and iteration        0
      -0.2581814274       0.2130393939       0.9423144736
      -0.0761557370      -0.0440698895       0.9961215531
       0.0761928823      -0.0440392013       0.9961200698
       0.2582236548       0.2131234279       0.9422839002
       0.3569320411       0.6183255322       0.7001950116
       0.1685407858       0.8969522610       0.4087427615
      -0.1686119182       0.8969196559       0.4087849703
      -0.3569397287       0.6182358164       0.7002703089
      -0.4029469651       0.2326522406       0.8851591259
       0.0000451495       0.0879718494       0.9961229601
       0.4030403368       0.2327175025       0.8850994582
       0.6924674731       0.5945648921       0.4086335617
       0.4872264286       0.8440898799      -0.2238809549
      -0.0000589125       0.8886486038      -0.4585887650
      -0.4873222631       0.8440633140      -0.2237725045
      -0.6924501176       0.5944795871       0.4087870537
      -0.3136365259       0.1170999339       0.9422949300
       0.3137815682       0.1171241249       0.9422436345
       0.8611277729       0.3025634308       0.4085515012
       0.7694671113       0.4443842787      -0.4587406429
       0.2586821700       0.4482519790      -0.8556598029
      -0.2588021622       0.4482546526      -0.8556221171
      -0.7695657598       0.4443732036      -0.4585858669
      -0.8610525657       0.3025131278       0.4087472160
       0.0000833274       0.0000238568       0.9999999962
       0.7140951910       0.0000495977       0.7000486095
       0.9745680443       0.0000926788      -0.2240917635
       0.5174175628       0.0000987372      -0.8557330518
      -0.0000570193       0.0000950618      -0.9999999939
      -0.5175421863       0.0000987380      -0.8556576860
      -0.9746178929       0.0000926725      -0.2238748629
      -0.7139474907       0.0000495862       0.7001992416
       0.3138227173      -0.1170903633       0.9422341264
       0.8612142864      -0.3024618331       0.4084443566
       0.7694855587      -0.4441984860      -0.4588896162
       0.2586777121      -0.4480467816      -0.8557686152
      -0.2587977039      -0.4480494560      -0.8557309352
      -0.7695842214      -0.4441874227      -0.4587348469
      -0.8611390833      -0.3024115528       0.4086401008
      -0.3136776559      -0.1170661804       0.9422854332
       0.4031491507      -0.2327475547       0.8850419979
       0.6926070017      -0.5945597541       0.4084045054
       0.4872706920      -0.8439812015      -0.2241941217
      -0.0000589156      -0.8884947812      -0.4588867184
      -0.4873665458      -0.8439546563      -0.2240856715
      -0.6925896592      -0.5944744665       0.4085580408
      -0.4030557562      -0.2326822943       0.8851016932
       0.0000451627      -0.0880042575       0.9961200975
       0.2583629532      -0.2132610885       0.9422145682
       0.3570816097      -0.6184854203       0.6999775060
       0.1685977971      -0.8970946662       0.4084065899
      -0.1686689558      -0.8970620662       0.4084488128
      -0.3570893095      -0.6183957026       0.7000528409
      -0.2583207105      -0.2131770479       0.9422451681
      -0.0762068896       0.0439488628       0.9961229881
       0.0762440586       0.0439181729       0.9961214974
       0.0000805852      -0.0001405058       0.9999999869
       0.0555070746      -0.3303790601       0.9422147533
      -0.0000098326      -0.4655090578       0.8850431159
      -0.0555071653      -0.3303199413       0.9422354753
      -0.0000603858      -0.0000559496       0.9999999966
       0.0554077097       0.3301708511       0.9422935821
      -0.0000098198       0.4652905534       0.8851580090
      -0.0554077820       0.3301117363       0.9423142890
